[[-4.20295882  1.97400852 -0.50268046  9.156175   -1.38410233 -1.09129259
   6.65847972 -0.48261132 -1.03645399  1.48693391  0.43959173 -0.96708214
  -2.20364016  3.66655214  4.37806346]]
[[-6.57258617  8.57270866  1.29718499  9.50907833 -7.34138798  6.51392018
  -6.56226804 -7.81374972  4.45032792 -7.94041489  4.87730878 -3.13994557
  10.05608893  1.38015501  7.10719401]]
[[ 5.06632309 -8.21213133 -1.62187129  8.30816185  4.30247681  8.31816435
  -5.9515123   8.21347648  9.25002837 -6.02043956  9.57635277  7.6442071
   6.39039971  7.08632927  2.92725707]]
[[-4.15771518  5.91911646 -7.47852264  3.63957742  7.1539869   1.96708536
  -6.1912874  -4.87919398  4.84336473 -6.93931018  4.974745   -7.71422986
   3.71577455 -5.42534353 -1.68234631]]
[[-2.6678275  -6.80591508 -4.50041946  4.89440808  6.0959114  -9.17837274
  -8.51446684  3.6239788  -1.29483979  1.84068843 -6.34751716 -4.90121294
  -7.92644907  7.64002315 -6.66140166]]
[[ 8.35413343 -3.47879708 -4.10979746 -4.70194563  1.14297496 -4.88165073
   3.23782163  8.34347501 -6.63334608 -5.88818759 -1.21151988 -3.15593125
  10.03792983  6.9085055  -5.34105762]]
[[-1.80406631  3.02339857 -8.10259337 -2.58382193 -0.56860998  6.79322197
   3.16920818 -4.4699771   4.13920432  5.05116207 -1.0663504  -5.76977121
  -1.12884554 -4.60084158 -0.25741013]]
[[ 2.09241404 -8.63572926  7.24287866 -5.7755417  -9.00966279 -0.85682296
  -5.93682617  3.26368367 -9.89123124 -4.03654261 -8.72119205 -5.66808169
  -4.70985822  4.68890892 -1.13483026]]
[[ 3.2375898  -6.70461939 -0.84841991  7.65444495 -5.40953342 -1.51888385
   8.65540104 -6.74029264  8.30381501 -1.50983448 10.24999505 -1.34239507
  -6.88877783 -6.64113555  8.93691956]]
[[ 7.83150884 -5.65230295 -1.41116778 -3.28280745 -2.94281642  2.7775572
  -8.89557746  1.26310691  5.10911061 -7.27883075  6.25264136 -5.18831004
  -7.39423865 -5.39203704 -8.71671424]]
[[ 0.79222146  2.12571657  5.98247369 -5.74643453  4.51370869  8.32528848
   3.90156568  8.64919703  0.82595074 -2.75234438  2.38032941 -3.96038152
   6.60985647 -0.59508837 -6.79489336]]
[[ 5.55235134 -7.51646415 -2.86047324 -2.89357199 -1.96630379  7.31721768
  -2.46390178  0.40060205  9.55835332  0.98529633 -8.18809531 -4.72104453
  -1.56603    -7.79764385  9.91676425]]
[[-0.58704285  7.85220616  0.83520408 -1.26284677  4.45098569 -0.37786533
  -8.1013784  -0.30478523  2.4489049   4.51369671  8.92522905 -8.37661796
   7.16454012 -4.49202962  1.67410771]]
[[ 7.00391054  2.93029959  6.82577174 -4.34250257  8.03268797  6.17841792
   6.83372329  3.47433801  0.82112985  3.44171664  7.48778384  3.66011047
  -7.10458892  3.10973724  0.75721074]]
[[-0.85688675  4.53134239 -2.94727278 -2.79392894  7.79315844  0.755691
  -9.00225694 -4.42751981 -5.2224465  -1.9958986  -1.78383329 -9.38535182
   8.20278701 -5.91060018 -4.53641361]]
[[ 0.76329018  5.47760721  7.40606212  2.0296448   2.11474213 -1.79090117
   5.57916487  6.18958988  4.75298262  7.70812075  4.05550274  7.67614306
  -2.51192803 -4.59879669 -2.26116342]]
[[ 4.30720142 -7.77309593 -4.59267446  3.30415726 -8.27602735  0.50669972
  -0.22328061  3.49940154 -3.30764968  7.70244429 -0.43842057 -5.34216021
  -7.08140815 -4.84146123 -2.12008002]]
[[-8.84796483 -1.42880498 -6.74499175  8.84477077 -5.04904725  1.0292322
  -4.67577001 -8.72186183 -0.96204384  6.07559103  0.82903926  4.72780741
  -5.84719471 -2.92664889 -6.04354982]]
[[ 5.94624755 -6.29806293 -0.45024121  9.24332845  3.25214472 -1.06039168
  -3.98599223 -5.94304469 -1.89697774 -3.77036683  9.51256361  4.69138758
  -1.94452704 -4.55708468  0.69828822]]
[[-8.66177454 -3.49817174 -0.24516149  7.18364965 -7.89138966 -2.41738845
   3.72732274 -1.30333998  6.33957012 -4.39777433  6.62238267 -7.62619113
   0.11359974 -5.41824829 -6.01184087]]
[[ 6.70472179 -9.10832932 -4.33929143 -3.84199761 -0.66538501  7.63503273
  -2.79870095 -4.69312635  1.13025021 -8.02270257  2.16185772  5.93017678
  -1.85540058  6.46930194 -2.13117723]]
[[ 9.69631478  7.40303155 -7.00374602  6.76992248 -5.44277294 -5.21957528
  -2.52893161  2.31527526  3.1240854  -3.54856601  0.09017535  9.82595389
  -6.60433371  0.72020938  4.49586072]]
[[ 3.43231303 -5.54011543  6.30113891  0.98101917 -2.5054636  -3.46549728
   2.82023145 -7.50053322  6.70966115  8.14383778 -7.47264365  2.89587305
   3.33103051  4.6203999   0.58599501]]
[[ 8.76901659  9.96352329  2.41960453  0.54845365 -6.60890461  6.47249189
  10.63889995 -1.88457377 -2.66324094 -1.83629823 -2.14093114 -8.09915942
  -5.88864866 -4.31741768  8.01946683]]
[[ 8.74165306 -1.18526085  7.70589581  5.7928632   3.14311346  3.98167076
   5.35074387 -5.47720179  7.18760276 -5.77589726 -1.55836883  8.0782157
   6.90462883  5.82744062 -6.7939177 ]]
[[10.48855779  6.18841837 10.25870148 -3.39313371  0.05822677 -7.21455967
  -1.55209144 -5.18975339  8.03602976  0.40366902  7.35345381  5.29334006
  10.127464    1.89431965 -9.24129011]]
[[-8.96409136  7.50399395 -1.19499047 -5.05690056 -1.41186651 -7.62327469
   5.72038944  8.64034846 -4.75815195  0.86734627 -8.25631958 -4.59344355
  -2.99564926 -9.08039137  2.62335717]]
[[ 9.45947683  2.2185434   9.61022663 -0.84623991  3.11581357  1.44962014
   8.33714393  2.33968817 -8.44316403 -2.74761248 -5.25109683  8.83425217
   7.19844765  9.93429092 -8.49987646]]
[[-1.97904795  7.26097261  1.8592191  -7.88533611 -7.72281791  8.43780983
   9.56278425 -5.30494724  1.83204158 -3.10492873 -8.9334237  -4.27585006
   6.19975563 -5.38904166 -7.40405339]]
[[ 2.73571138  3.07156962  6.88727991  4.58077827 -1.6566403   2.47200022
   8.78131916  8.73569134  1.75614883  0.26697839  9.63107638 -1.90080983
   5.18481255  6.29887026  8.34635394]]
[[-4.95792225 -4.22242728  3.01579072 10.35189534  1.86989116  0.99354963
  -5.79073948 -9.61278901  2.454264    9.5198409   1.50224992 -3.30242925
  -2.24002713  4.74093345 -3.85426786]]
[[-7.24161692  2.66104655 -7.79060048 -8.5367277  -4.06159908 -4.34081825
   1.72262007 -6.02002539 -2.24485225 -3.83100011 -0.74972065 -6.02354664
   2.97979712 -3.84397484 -3.50979441]]
[[-3.63542849  2.78844767 -3.05108409 -1.74284933  4.51951595  2.37437029
   6.56259     9.46091483  4.65905957 -5.70261511 10.09602245  1.49475429
  -4.96250816 -4.07328358 -7.55621653]]
[[-0.25607756 -4.32411163 -8.35463806  6.03475336 -7.92744095 -5.74420724
  -4.58169151  5.83469721 -8.06927248 10.59797171 -3.7599416   3.70689628
  -3.63817574 -9.22008065 10.44679863]]
[[ 0.01823358  2.69418034 -0.78222236  5.40620997 -7.98652762  9.06355483
   8.96953794 -1.49824867  1.80980855  3.07839986 -3.05030592 -6.01138228
  -7.56423705  2.27652462  3.58282892]]
[[-7.16147082 -6.18792122  1.06599844  0.75885011 -6.45133744  2.28746262
  -5.36714693  5.74108446 -7.64749911 -3.98613885 -6.32598668  3.68100992
  -4.07987057 -8.08677292  2.21451912]]
[[-9.0764994   2.1275948  -6.48536062  3.51075438 -0.87554778 -8.45105553
  -3.92112634  7.12176086  6.53821115  0.32737969 -0.91590993 -7.08629498
  -0.92038542  4.30674773  8.66295853]]
[[-5.58654252  7.95181549 -1.69907484  4.39518847 -0.14357242 -0.31864342
  -7.38469415  0.95854221  2.63080267 -9.20141739  2.24901758 10.64951271
  -9.56379843  9.82796999  1.9535488 ]]
[[10.39707915  8.16276047  5.20395224  8.92093456  6.1412962  -3.8003872
  -0.30331955  0.37615737  5.57483287  9.71716051 -0.32566089  2.03575212
  -8.18208051 -9.48877251  9.67223466]]
[[-5.94926194  7.17249097  5.48081868  0.44211541 -6.83332072 -0.11665187
  -7.95467724 -6.57737248  8.66041703  0.80340063  2.63339109 -0.51476076
  -7.727586   -9.47658139  4.6353951 ]]
