[[ 9.7416865  -1.75097598  9.26886185 -9.00762384 10.19343319 -1.35901512
  -5.26503017 -5.78486439  8.8362466   8.95359178 -8.72799583 -0.0732205
  -1.80210278 -8.08026242 -2.31789891]]
[[ 5.05204471 10.45506439 -7.66787515 -3.9386193   0.52579174  0.21780886
  -2.80127269  3.94224743  0.6350423  -1.42375861 -3.78894976  3.27321552
   9.78771045 -8.98713884 -8.9593306 ]]
[[ 2.21994697 10.15163748 -1.59532669  3.52589577 -7.58088532 -8.25568692
  -5.94620385  1.08169304 -4.84874416  5.36998906  2.4297418  -5.6379948
   5.62909016  2.90177643  4.55196554]]
[[ 5.87232562 -2.58379925  1.56297117 -1.82426365  9.20334231 -0.26201012
   4.89809174 -0.92875672 -0.14088029 10.2096626  -8.12460838 -0.84878277
   6.96052664  6.11729601 -9.27532856]]
[[-2.73229526 -2.43496385  0.03234432  2.97188676 -6.73194623  5.88443127
   6.51534725 -1.11730522 -0.15430076 -1.84940849  1.16497499  3.50393899
   2.44310957 -3.82013518  9.73721947]]
[[-0.98494432 -5.68048527 -3.14002615 -7.60004304 -5.30977728  3.37467554
  -2.18688956  6.0794387  -6.35152755 -1.67819286  5.93023031 -1.61083541
   1.96328915  1.54534116 -8.86929962]]
[[ 1.38785991  3.81870298 -9.65458092 -1.62482235  0.17051796  8.47611783
   8.26132662  4.35180175 -1.25327574  7.58684578 -1.00524027 -1.18392439
  -2.61066215 -2.37652396 -7.82988751]]
[[-0.43173897  7.65012852  8.19963641  4.26224769 -4.16531548 -2.00248349
  -2.67736353  7.29865745 -7.98789841  6.60889268 -0.10694015  8.6110366
   6.15960249  0.77674349  1.89472462]]
[[-7.14148814 -7.82438843  5.7689473  -0.25371963 -0.5385067   5.29062854
  -3.67628269 -6.93436538  9.82963994  8.06276019 -8.80928143  9.4474211
   2.9948078   1.3720893  -1.62191305]]
[[-1.79849726 -0.10291255  0.75274161  7.44263451  5.61302349 -0.99151379
   7.9386269   2.98281347 -2.61683786 -2.36405756 -2.50301039 -3.63372441
   6.58781494  8.59063484  3.02396944]]
[[ 7.40588715  5.93015116  4.75398122  1.76590623  0.47138177 -2.88409603
  -1.17657509 -5.81558434  4.20313576  9.56751644 -4.84806564 -2.2655573
  -1.24121568  3.5301027  -8.11654902]]
[[ 9.74667552  1.35673473  1.22101628 -2.85971393 -1.59396676  9.37774725
  -5.17820815  8.56865539  4.90088503 -8.05309462 -2.44789036  5.25292965
   1.7226316   1.40189575 -7.70841706]]
[[-0.437149    3.68946718  1.64668748 -0.083313    5.63766955 -6.91388054
   5.93850057  5.7676472   7.79610586 -1.81839234  3.80146845 -8.00922795
   6.6432003   8.7072208  -0.88921068]]
[[ 3.29208539 -9.01214697  9.85182424 -0.17437937 -8.9458114  -7.5592129
  -7.32879789 -8.2217654   4.6981948   2.73506197  7.7623955  -4.23415636
   3.72104829  3.26615693  4.57720148]]
[[ 6.08515658  8.12032721 -8.162829    1.35341128  8.72142901 -1.20714153
  -1.30386889  4.43533076  3.57931053 -8.38854608 -2.74347514 -3.6274523
   8.03667536 -8.13873224  0.7567984 ]]
[[-7.24074104  2.49191423  3.36896512  5.40249964  6.20189689  6.77707529
  -6.10743202 -4.3678668   1.59073994 -7.80705249  6.12735125 -3.45420722
  -7.91400831 -0.8282219  -6.08797347]]
[[-7.90304966  6.21309048  5.92602294 -7.82790616  1.40703489 -3.62844969
  -8.59325598 -3.76746913  5.74153374 -3.692674    9.50146627 10.26786287
  10.14265093  7.71101938  2.48710003]]
[[ 4.44203017  2.61789538  5.07576129  8.824092    6.35405275  8.37285753
   5.26947865  5.75389423  6.571284    5.92210854  7.22344401  7.88087884
   7.52459159 10.00084617 10.49550141]]
[[10.1481322   4.11569727 -9.75951448  3.4454352   5.21555405  4.5575991
   3.52300628 -6.92869619 -7.17458916 -1.65939054 -5.34172531 -5.04540442
   8.01457749 -1.84256667  4.19669554]]
[[10.10636476  4.77799129 -6.78369438 -0.03289926 -2.84980249  9.71811807
   0.51342688 -9.05740608 -8.6447292   9.1727023   4.2664491  -6.97269295
   1.65876428  5.72476944  9.35752873]]
[[ 6.28487376  4.39354229  4.80990269  4.81755137  0.26145868  0.39659903
   4.15308619  8.86077741  4.30297542  1.15245809 -8.10651372 -2.1518093
   8.27605639  5.96548999 -4.364047  ]]
[[-4.13026969  3.92225544  2.91965171 -4.5156298  -9.62297161 -6.74841604
  -9.6579914   7.73620649 -0.91062791  0.37797626 -4.83494522  8.82671883
   6.75783162  3.38089611 -7.05803159]]
[[ 4.86433624  4.05248079  3.57564327  4.29703362  0.11520876 -5.50966654
  -0.57304074  3.73914935  4.73572867 -0.64573904 -3.1749001  -2.29366832
  10.1492369   9.870069    8.52833911]]
[[ 0.57979301  8.47505025  5.85708699  0.60667507 -8.41156038 -4.31481378
  -6.1492029   1.87189167  8.23587423  1.38636143 -0.94896312  7.70607836
  -4.29912756  6.5544118   2.12995905]]
[[ 5.98505423  3.28025916 -5.66732755 -8.50334608 -5.95301289 -7.92527185
   7.83127045 -9.50045542 -6.57761191 -1.64044358  6.87428597 -1.36931415
   7.27457552  3.8663097   6.2963692 ]]
[[ 9.65682838 -4.35744878 10.08053606  3.79543195  1.10696207 -3.53838867
   1.94182094 -1.74302826 -6.55882136 -1.66378736  6.9239967   9.06840369
  -6.79431672  2.40006468 -0.05627058]]
[[-7.9337434   0.98653187 -2.2263024  -7.84723408  4.75461138 -4.33334023
   3.67319195  8.18550404  3.12280784  8.39994522 -5.17991923  7.82130695
  -1.48605963  8.16935724 -4.91864324]]
[[-5.82340593 -6.6303336   1.9374674   5.97859728 -3.70624201 -2.07868564
  -7.02332394 -5.90771381  2.9125261   4.10671048 10.72819772 -0.84588774
  -9.53179472 -5.84987492 -3.80707489]]
[[ 6.44275239 -1.18989723 -1.79453517 -3.22969208 -5.34244221 -3.90904593
  -6.00207802  0.1982261   4.78258319 -7.71250465 -6.0271851   3.5688559
  -6.19513674  8.27504266 -1.14167217]]
[[ 4.18703401 -5.28713461 -4.55662833  2.78722311  4.97023967 -1.47101723
   4.84901623 10.02027203  3.22417947 -1.54603883 -6.75153807  8.00030354
   6.4905875   8.23642605  5.64172807]]
[[ 7.88464904  7.23288762 -5.39626391  1.80620565 -8.40748223 -0.54891425
  -0.95167773 -1.76197196  5.63854813  4.84250602  3.5577178  -5.02821805
   6.82604476  8.25448215  9.26019802]]
[[-6.309073   -4.52955685 -6.00818064  9.69926146 -7.94926242  9.02572371
   6.07841536 -5.23238397  0.30759117 -6.69236812 -4.18610836 -1.76403045
   6.31067009  9.77260265  6.47528561]]
[[-2.97041948 -2.2089682   7.29655248 -0.72223458 -0.94536098  8.3810385
   8.99262213 -8.2251491  -6.65195798 -4.82816691  6.74459986  5.48073369
   9.79350894 -1.71552456  5.10699948]]
[[-2.73520235  3.20882454  7.43953178 -2.20149197  3.38710877  4.3162498
   0.21936652  8.34943918 -4.29499991 -3.88793924  1.80394188 -7.13914283
   9.38806184  4.14209688 -0.73412477]]
[[-7.44874734  7.55597905  0.90897743 -8.38676901 -8.0061819   3.33373407
  -4.56045635  7.33224545 -0.8109319   9.43887983  6.78501786 -8.58180032
   6.28870673 -7.3470296   8.33995107]]
[[-5.20767962 -8.74015021 -2.31443728  7.69933626 -0.3708035  -5.89278972
  -5.28608323 -1.3712     -0.62632117 -2.59644253 -8.49748675 -8.07991519
   1.18210532  5.37398964 -6.50292883]]
[[ 1.73632595 -7.51318774 -2.44523918 -4.70613918 -5.03630996 -8.12669388
  -7.04441422 -1.65067486 -2.22393746  5.60873158 -5.44121135  9.33382342
   2.87881479 -6.31177855 -9.28386412]]
[[-3.42465112  6.46668557 -8.82741332  1.61582811  9.78218743 -7.96850548
   8.58046261 10.29508758 10.19535527 -4.17339937  7.37616193  1.65831131
  -4.36187973 -4.32474089 -3.71808049]]
[[ 0.0988269   9.82837829  1.81940209  1.32980477 -7.61247243 -1.75432586
  -0.44913757  2.8662769  -7.58994354 10.25171513  7.12322764  8.24308099
  -8.47762946 -1.78007477 -4.8696142 ]]
[[ 6.05013969 -9.64683462  2.56794409 -6.99339352 -6.05768074 10.05058564
   7.11936484 -2.41174127 -7.31247895 -5.22756762 -3.90747238  0.1247712
  -2.80362969  2.64354089 -7.83150944]]
