1.8657999190452428
2.822580150834905
0.531705316224912
0.21680861387678962
0.20264904555608576
0.6517751975381264
0.8174408831913994
0.6344614312966943
0.23540870419838977
0.29931259298247453
0.1873145315716277
0.06624647720646148
2.271888261206381
0.73470895656026
0.284786799507112
0.6265966561375106
3.5086209356131364
0.2559216257967468
0.07417371712045395
1.0726128501148904
0.6005403708567082
0.6856138611366428
0.30339291765396725
0.3579351909670223
1.1573436497919527
1.1319817288489882
0.29676457936842654
0.8796484481011461
0.21993380891351544
0.377188093456768
0.5326651042690368
0.4875837100547108
0.23575118344597948
0.5808646376628378
0.49112398008506275
0.47921144257269693
0.39785797598354755
0.5288603542600969
0.7341003264009098
3.1630099578431983
