0.24854259050305555
0.7849513919792671
0.8305987069730703
0.14806295660415036
3.3896611443040165
0.06140662833374788
0.73994125745081
0.08111584472424616
0.6238589768138773
3.5097592391176686
0.46496636567601146
0.15378220597941672
0.008664416988340973
0.17725306215416003
1.2709121844204727
0.00550427298400169
0.20237945484303682
0.21089530760707756
0.38114661783725096
0.40612719234863487
0.1331398357046948
0.1574355836114073
0.638510070005621
0.7279268212879612
0.5826804363266983
0.30359555320786125
0.5624070225305412
0.4419951877970649
0.3515875613286025
0.6459024376998933
0.3906574749103661
0.8597271642772247
1.0613202820287821
0.6670913801540623
0.05520509587976652
0.5518102018784705
0.4002080981692774
3.22528471433609
0.32426054148676325
0.9686007806396746
