8.390972089807859
-6.918263975039516
10.649405585592426
2.7372350114121167
-0.5867652337133545
-9.132175840127983
9.856620952309328
9.515182976101038
0.6900885889300208
0.09837658947376608
1.138968743072606
-5.275426775807565
-8.260529605117858
-10.730270807815826
6.536467510969535
-10.721039668917806
-8.574858837745
-4.316788792319091e-05
9.230455977579807
-1.9314598564463288
-6.718869456555911
-6.840837309404019
-2.7362598594266863
1.9245654635454852
-3.735103467159365
6.9230802593237915
2.993735462778873
7.3333764107584125
-4.989759350556682
19.47942376354475
6.625813387729905
3.9801402590815704
-3.088533320773717
-5.713867180759695
-2.867689236943499
10.131538143880999
4.826052801672202
-6.575566979186354
-2.002975991756057
-5.4432154612429375
