0.43647184340519196
0.4815532165347449
0.20846557951298486
0.2609498251032166
0.08348012223756707
0.3757245680403453
0.13993894074067437
0.4561025598190667
0.7643232708892955
0.7825923106852588
0.7050649716043282
0.41100610265898013
3.387025507566639
1.711066256341186
1.016680960522095
0.8829138041092011
0.6423224032490159
0.2640034076920811
0.15988246441131726
0.5315914828315575
0.33626682100940075
0.2239749293947879
0.3376949286082891
0.9480672626738704
2.5097453445817797
1.0272226470267027
1.9827610246116036
0.08366061590878782
2.460873417732163
0.828020559622662
0.39807631202239757
3.0156302438584563
1.1422388093429896
0.28982922621305074
0.06474607546317146
0.014366342449905978
0.1892471693849308
1.3044543412625433
0.46033733613319694
0.4480402544664295
