0.06127652886466328
0.9519176594163392
0.5250912303166657
0.8262426772593411
0.189755547593649
0.140286210422648
0.04975337125688306
0.4062193833362206
0.7596603700935508
0.4589798358899395
0.5790793083407817
0.6278393292224522
0.3277740109754865
0.31818309447405574
0.4671470700650954
0.5445493923973943
0.6172379913159941
0.41038263015855914
0.7723691630422078
0.10245496821739031
0.38034227955638106
3.6959386184123146
0.5064312320360592
0.044482804917699625
0.21791239493699233
0.03738227680094741
0.3706499493551192
0.6273186688431854
0.7875868156271513
0.17629832931377287
0.6547370209566281
0.6420685510145023
0.4427766404185014
0.18471646359504645
0.41884243213098715
0.6609658034879506
0.44262383281740086
0.3017249935463851
3.1160214621327484
0.2868421177213745
