0.5069140652714152
0.2751527078964816
0.5101585453749247
1.2600593952239503
0.36010507505416023
1.5391468845472562
0.07540158166600808
0.587925880072802
0.3906219985372587
0.8429524533269983
0.10855669685422109
0.8538274115519662
0.110691356818586
0.6213509522428317
0.9992439833616965
0.6211756373031591
0.5111037843537207
0.31374397657450653
0.2636068477061166
0.2771868943128272
3.0947314628289253
0.5196055068483196
1.4011527780113129
3.0724939151459596
0.548363447034209
0.6597648724748431
0.2995035867991496
0.5981668573439011
0.5530138192643582
0.30194730913801715
0.7920594611086814
0.9998066260897962
0.7799599337305303
1.2153551446129573
0.44211259639275013
0.7186845074189967
2.6963556125040156
0.120533401902294
2.5277969430602196
0.2797530685114551
