-5.618986185891469
-0.016414404088591083
6.764976742783571
-6.204967869489747
5.991147481367784
5.611520379142475
-8.717917302070108
4.0648815423314355
-8.863727824648475
9.410139892867422
0.8767257169503672
-6.865281625168305
6.028788587715201
-8.993226283920146
-8.865670491301337
4.513528085337894
8.498340151807026
-7.452004752947424
6.1234518162384
-1.8990597045338418
10.288217803244203
4.836774129433854
5.010555281249241
4.805778074487231
6.12817266121193
9.946573314226528
10.008704812252766
-7.245992839401647
-8.08660948849453
0.5758699629056723
-7.792960207529909
1.780491540608785
-5.927697123836039
9.573621393721211
5.431964548772717
7.01419910522315
9.155896217707436
-3.1178737033650514
-6.50215770745823
4.317626205228961
