0.6402790687362323
0.28095909233729915
0.16786618297438738
0.18833378828437497
0.2769026360406614
2.372694218920184
0.2880305845679654
1.207295674878552
3.343676637089687
0.32641504927374665
0.475220057540109
0.8579609846059109
1.0695353089917095
0.4854185701556459
3.2485404194332004
1.761907755251217
0.16205391468672248
1.1875540601812147
0.9663944886544303
0.7512605057151421
0.6300659532587713
0.6373470050403037
0.06029718032184983
0.9093970192205544
0.3675651206764
0.5866864412736859
0.5263947098441161
0.39874400638952695
0.4847052678856171
0.23098717336112762
0.2719624863372909
0.07278846142531892
0.6656138432271737
0.4579298882987488
0.6864686425632467
0.6096841623146032
0.8785139773720292
1.8746329967208546
0.5454149555578937
0.7066975608443594
