0.017251083556151015
0.5801307392870428
0.3521965629349518
2.221410771836198
0.3455977769536912
0.0157111208113363
0.05154403348232994
0.8423951424719004
0.5562509900333875
0.4230104120739821
0.5760581429347634
0.3340968815521861
0.6160611714782835
0.40863227454755996
0.31619355652575615
1.2810057684119776
0.059429366404929906
0.02421158175960203
0.46251318279556664
0.5504043258741201
0.7068786242471597
3.9732800290338504
0.6152851721927768
0.7719275691344317
0.08995894437262597
0.3923778266667381
1.7023132226279636
0.45653177119494304
0.36906111262272445
0.3413879581695734
0.7702281689697232
3.1381543270037606
2.5328696495482097
0.6439395565544338
1.3124201064642425
0.06100163021791116
0.2793183632840907
0.6539495621474593
0.3273655134459209
0.3596884696883075
