0.42931093053876046
2.250305441673873
3.205606272280778
1.101056928809809
0.001955494131497426
0.4143859708852158
0.8499532499309602
0.3682462257553432
0.305767631187754
0.25402717119135404
0.6038835111258942
0.2620092940049157
1.1379820942632304
1.131566965529506
0.5464535489951581
0.043231291475786415
0.8095190158297145
0.49707310931771304
0.023534409031025882
1.9257608857819062
0.6491478411832808
0.6798119944251485
0.6814943322789411
0.4405627418323289
0.7252590480006256
0.835910515660628
0.34486425545756716
0.2960604727771314
0.5837681510102767
0.3071855983030896
0.480906000612091
3.661530725273257
0.3406145823054867
0.9735297800843056
0.40637637297382606
0.46091301313594957
0.1367029514098721
0.3509694261994956
1.200979297898262
0.5261734410623256
