0.8423242263340248
0.6246178022286394
2.990185787939678
1.283849791273992
0.8608856112880593
0.1738999095997408
0.12761623795707147
0.8869361746613627
0.2010253048649786
0.28125659964382227
0.651374414117248
0.38997348239556673
0.5545681761950554
0.5421699386371204
0.15463720307938383
0.4335080632170175
0.44898357770725894
0.2860508093739062
0.10586294305867905
0.38099738600230926
0.0008146185980349058
0.9875041619635285
0.2351063230495257
0.563675509382601
0.13067420860473106
0.35996246693851214
0.5445392448581444
0.6589085340650869
0.36218757731672163
0.7832513549817947
0.31290508651500304
2.5213501296595755
0.4633649711162158
1.120095231585879
0.465653016896686
0.03541559046259301
0.3734803637455024
0.5584116383496582
2.003368576905355
0.6859303787008711
