0.0008471047651914235
0.24802894189686248
0.6997283250888539
0.5597638423445365
0.7527953909488847
0.5776454727011345
0.3923935571572053
0.4379196719400874
2.936075383017479
0.25817609819979886
0.12759271204904987
1.811314112201577
0.4449224860439149
0.6887359963705592
2.969226039100292
0.5297980213513097
0.14553314795309813
0.6141290253234076
0.8802027250819352
0.24635665221398417
0.4100284389359096
0.6636110076136986
0.8107574128858205
0.5297986897168249
0.03488465778019473
0.015104065837002868
0.019358546992469892
0.9008865906153386
0.27398599096864495
0.31115404474513064
0.4717522308834643
0.7059100634973928
0.9988415178400166
0.20012286437217405
0.3401341712363734
0.7859328614197324
-1.1498941742580056
0.3411581246244307
0.7402109504034942
0.3673499804405021
