0.09290044402390917
0.3420952168084116
0.47835355194833884
0.8622875283204537
0.1427411296600959
0.6266137736450255
0.7829580336615327
0.01558830661262353
0.5821545174200031
0.14832966391570374
0.25934228761149636
0.3938463550797572
4.224680568394378
0.5735446622313298
-0.23691401377723897
0.2369941090189262
0.43036054716875766
0.8318319105238946
0.9016766070159554
0.8249290609943145
0.5045861616523974
0.07982323631863131
0.11497686316069217
0.3337637079616127
0.9821033782500624
1.2950721305127777
0.38698913164528226
0.021848673720058054
0.555821500489429
0.4243590257442645
0.7488918413577067
1.0164656970373294
0.9085705334284766
0.9724745777836312
0.4147059308368408
0.23705900185941742
0.9791719859514552
0.5994345978276555
0.22277667888864985
0.8277921115099632
