1.602974988171903
7.721274336433266
5.028711199448574
-4.006774310027268
-8.307621810509042
6.310954868789287
8.273686388328489
-3.6509463011141325
9.225120898880279
-0.02441257883151285
-2.595369790964464
-6.2892658857262
-6.115047264475576
-9.509608055995542
-7.820419360272155
-7.848019502850072
6.091908985209493
6.297233052655407
0.8935831688770602
6.683639613954055
8.198004511394451
0.37468412673292456
1.0445401514229475
-5.620177857804124
-0.650018877863764
1.615042160464818
-8.028060376411222
-3.2274844990394747
-1.9449641556929125
11.959804887305848
-3.5898309022249757
-3.244182257883161
-4.258265356673927
5.135607950372431
7.048659293399096
5.594069802400759
0.9722195970099746
-7.206903027010943
8.08088007054285
3.9315801645006743
