0.323759784591825
0.7972191029765525
0.6588291742784653
0.014663815640514008
0.8327041625300755
0.08376361207718153
0.23934603305957902
0.4178409124793013
0.41221627409494666
0.19945024637926645
0.17974850787788252
0.42428149878229465
0.12104297975374548
0.20230504854529333
0.9099431034051486
-0.5985597241109555
0.6085279266603978
0.6617012422876261
0.8589005767775815
0.20120877988444316
0.23612517599683194
3.031154031667654
0.9015377031267383
0.19651034655727356
0.08872679750077717
0.8249822712272665
0.014523880072481003
0.9123029242262063
0.4005936381970185
0.09044793529704848
2.1934940353325185
3.5327447993750782
1.4739086273464588
0.6042595113418225
-0.4957112194006331
0.6680274536356674
0.35664206615655564
0.0421845330713706
0.621037015062203
0.686564266501319
