0.127611791175141
0.39711025212037465
0.9160951446219866
0.9466997614098293
0.6574757875319679
0.07534405008618206
0.8831790677128835
0.41741476420225293
-0.04570150689164848
0.4086579984462799
0.8775425168056906
0.7720762235088746
0.11224776420888184
0.9557511284251549
0.8388892745238242
0.25438729898640433
0.02533200653608573
0.045363990330263004
0.5077830901688107
0.19095811361602277
0.6407227130195977
4.538330233352056
0.6207634473016024
0.9394603350066462
0.5086547527701089
0.9652240604950103
0.8386842155739017
0.18024254958259736
0.99347989866923
0.8572927391331024
0.6320644898360627
0.28564530463289467
0.9665526390119838
0.5718860386092371
0.8239554062915603
0.2208537900969306
0.36488768421399004
0.614526271809849
2.7300521712552634
0.40782095880144836
