3.527872268231495
-5.078627054966886
-8.270959411293871
9.254366690616925
-5.697447060921351
0.42015625895398684
-1.0303780439129115
-3.7160720655611126
-3.814777853356601
5.147910328739852
-2.218556316379676
10.386617458749825
-3.6690065717630493
4.159899737671999
6.456623208559861
-2.6000859370654696
-5.280813675822386
9.177369386750362
-4.949485576485333
2.470998723161984
9.035179646948126
2.78281885894542
10.152376638000558
9.958979357628621
7.231646408922895
2.5382509214953424
-2.4841038069076964
-4.215820920191548
8.284365095970031
-8.703418227076455
-1.0080271785227024
-4.378174263101576
-7.167805712528132
-0.6728093851178482
0.3797650277996046
-5.22468936305993
5.2001464595690425
-2.442385775130619
8.882203097361336
5.192189184153933
