0.8282527742681975
0.6237712657673661
0.2700414465439265
0.38828589817163595
1.4869740953971582
0.1636991707215325
0.2989074114096317
0.639190777933175
0.25597927829515954
2.5168422376113626
0.668812482466985
0.3473346613100531
0.7180999869747613
0.32915295781360643
1.2789699687576597
0.19225987150952628
0.4526793927353564
0.3090516278407248
0.30818108662896304
0.4902868155372703
0.3689026592806044
0.13644349054472604
0.4438864935434709
1.3998577469692446
0.053708580596034984
0.14047583809266195
0.06357992466612292
0.8268927159590492
0.4683182230819816
1.8115769681015081
0.6788428698477108
0.5895373556041599
0.5055360333705191
0.6713480281014823
0.9861610333410195
0.3546973595152856
0.37561457273666427
2.7397629723849652
0.6164705386751861
0.5957028012143807
