0.04661102508529633
2.8225470042027005
0.14460461963803795
0.47244270588460124
0.22147224521794917
0.1616604091469841
0.4481397675891654
0.2685598329662442
0.8366576942824048
0.9675023250463962
0.8176477167421008
0.9840046707848114
0.5278411093062139
0.0244779560425042
0.6590710248941373
0.5448237691396369
3.2738906419998295
0.5547906543714592
0.13494130708067043
-0.9896468232992175
0.7305001883641595
0.1448827236061191
0.057656685320717035
0.7810945826043424
-0.4609150110329004
-0.6437530423963049
0.9741748405992796
1.1241356022690276
0.2035455265164865
0.550234970779306
0.0701925159105383
0.8175591442483048
0.7439378586712375
0.29706615678329285
0.3905413439197528
0.9724904782212852
0.9094099322154643
0.580969872950354
1.127247702977088
1.1090584408356379
