0.14961105207016845
0.8868805459484722
0.8140106497971085
1.1969885709252297
0.3279192529412836
-0.070152735298885
0.3902176930570127
1.0908709762110091
0.6530264185884348
-0.23495043630505683
0.6694301704669168
0.7531607998800837
0.28733099972795617
0.050132300334122686
-0.03845673389389123
0.1019470692344249
0.9156154475760769
0.47910565543580536
0.8151424188437301
0.2641676546793238
2.8802741523045037
0.0606171202255672
0.3533982822467769
2.049278095358101
0.369806141813186
0.4811017698860258
0.519166911738573
0.7947507541594047
0.47545977935122885
0.42542447655481197
0.9416250468270781
0.10714097350814568
0.11364397085947339
-0.09434983281638269
0.49634248857564556
0.643190243564376
1.168536548829007
0.09459615740491967
1.4333188321248864
0.47204901767868007
